 &NLSTCGEN
 STEPS_PER_PERIODim=96,0,0,0,
 SECS_PER_PERIODim=86400,0,0,0,
 EXITFREQim=960,0,0,0,
 DUMPFREQim=960,0,0,0,
 ARCHDUMP_OFFSETim=0,0,0,0,
 ARCHDUMP_FREQim=36,0,0,0,
 DUMPTIMESim=0,0,0,0,0,0,0,0,0,0,0,0,0,0,0,0,0,0,0,0,0,0,0,0,
 0,0,0,0,0,0,0,0,0,0,0,0,0,0,0,0,0,0,0,0,0,0,0,0,0,0,0,0,0,0,0,0,0,0,0,0,0,0,0,
 0,0,0,0,0,0,0,0,0,0,0,0,0,0,0,0,0,0,0,0,0,0,0,0,0,0,0,0,0,0,0,0,0,0,0,0,0,0,0,
 0,0,0,0,0,0,0,0,0,0,0,0,0,0,0,0,0,0,0,0,0,0,0,0,0,0,0,0,0,0,0,0,0,0,0,0,0,0,0,
 0,0,0,0,0,0,0,0,0,0,0,0,0,0,0,0,0,0,0,
 PPSELECTim=1,1,1,1,0,0,0,0,0,0,0,0,0,0,0,0,
 PLOTSELim=0,0,0,0,0,0,0,0,0,0,0,0,0,0,0,0,
 MEANWSim='N','N','N','N','N','N','N','N','N','N','N','N',
 'N','N','N','N',
 ARCHPPSELim=1,1,1,1,0,0,0,0,0,0,0,0,0,0,0,0,
 MEANARCHim=0,0,0,0,0,0,0,0,0,0,0,0,0,0,0,0,
 MEANFREQim=3,3,4,10,0,0,0,0,0,0,0,0,0,0,0,0,
 PRINTFREQim=0,0,0,0,0,0,0,0,0,0,0,0,0,0,0,0,0,0,0,0,
 MEAN_REFTIMEim=1999,12,1,0,0,0,0,0,0,0,0,0,0,0,0,0,0,0,0,0,0,0,
 0,0,
 JOBREL_STEPim=0,0,0,0,0,0,0,0,0,0,0,0,0,0,0,0,0,0,0,0,0,0,0,0,
 0,0,0,0,0,0,0,0,0,0,0,0,0,0,0,0,
 DUMP_PACKim=2,0,0,0,
 PP_LEN2_MEANim=4096,4096,4096,4096,4096,4096,4096,4096,4096,4096,4096,4096,
 4096,4096,4096,4096,
 FT_MEANim=27,27,27,27,
 LLBOUTim=.FALSE.,.FALSE.,.FALSE.,.FALSE.,
 &END



 &BOUNCNST
 BOUND_FIELDCODE=0,0,0,0,
 &END


 ### END OF FILE ###
