  2 RECORDS in this file.
#
1|    2 |   30 |  284 |DTHETA/DT FROM G&MCW SCHEME     K/Gs|
2|    0 |    0 |    1 |   41 |    1 |   21 |   22 |    0 |    0 |    0 |    0 |
3| 00000000000000040000 | 00000000000000000001 |
4|    1 |    2 | -99  -99  -99  -99  -99  -99  -99  -99  -99  -99 |
5|    0 |  834 |    0 |    2 |    0 |    0 |    0 |    0 |    0 |
#
1|    2 |   30 |  322 |DS/DT FROM G&MCW SCHEME       Gs**-1|
2|    0 |    0 |    1 |   41 |    1 |   21 |   22 |    0 |    0 |    0 |    0 |
3| 00000000000000040000 | 00000000000000000001 |
4|    1 |    2 | -99  -99  -99  -99  -99  -99  -99  -99  -99  -99 |
5|    0 |  648 |    0 |    2 |    0 |    0 |    0 |    0 |    0 |
# end of file
