 13 RECORDS in this file.
#
1|    1 |    1 |  239 |WEIGHTED SW CLOUD EXTINCTION        |
2|    0 |    0 |    3 |    1 |    1 |    1 |   35 |    0 |    0 |    0 |    0 |
3| 00000000000000000000 | 00000000000000000100 |
4|    1 |    2 | -99  -99  -99  -99  -99  -99  -99  -99  -99  -99 |
5|    0 | 1714 |    0 |    9 |    0 |    0 |    0 |    0 |    0 |
#
1|    1 |    1 |  240 |WEIGHTS FOR CLOUD SW EXTINCTION     |
2|    0 |    0 |    3 |    1 |    1 |    1 |   35 |    0 |    0 |    0 |    0 |
3| 00000000000000000000 | 00000000000000000100 |
4|    1 |    2 | -99  -99  -99  -99  -99  -99  -99  -99  -99  -99 |
5|    0 | 1715 |    0 |    9 |    0 |    0 |    0 |    0 |    0 |
#
1|    1 |    2 |  239 |WEIGHTED CLOUD ABSORPTIVITY         |
2|    0 |    0 |    2 |    1 |    1 |    1 |   35 |    0 |    0 |    0 |    0 |
3| 00000000000000000000 | 00000000000000000100 |
4|    1 |    2 | -99  -99  -99  -99  -99  -99  -99  -99  -99  -99 |
5|    0 | 1718 |    0 |    9 |    0 |    0 |    0 |    0 |    0 |
#
1|    1 |    2 |  240 |WEIGHTS FOR CLOUD ABSORPTIVITY      |
2|    0 |    0 |    2 |    1 |    1 |    1 |   35 |    0 |    0 |    0 |    0 |
3| 00000000000000000000 | 00000000000000000100 |
4|    1 |    2 | -99  -99  -99  -99  -99  -99  -99  -99  -99  -99 |
5|    0 | 1719 |    0 |    9 |    0 |    0 |    0 |    0 |    0 |
#
1|    1 |    2 |  241 |TOTAL CLOUD AMOUNT ON LEVELS        |
2|    0 |    0 |    2 |    1 |    1 |    1 |   35 |    0 |    0 |    0 |    0 |
3| 00000000000000000000 | 00000000000000000100 |
4|    1 |    2 | -99  -99  -99  -99  -99  -99  -99  -99  -99  -99 |
5|    0 | 1720 |    0 |    9 |    0 |    0 |    0 |    0 |    0 |
#
1|    1 |    2 |  260 |OZONE CONCENTRATION AFTER LW (MMR)  |
2|    0 |    0 |    2 |    1 |    1 |    1 |    2 |    0 |    0 |    0 |    1 |
3| 00000000000000000000 | 00000000000000000101 |
4|    1 |    2 | -99  -99  -99  -99  -99  -99  -99  -99  -99  -99 |
5|    0 |  453 |    0 |    9 |    0 |    0 |    0 |    0 |    0 |
#
1|    1 |    0 |  101 |SO2 MASS MIXING RATIO  AFTER TSTEP  |
2|    2 |    0 |    1 |    1 |    1 |    1 |    2 |    0 |    0 |    0 |    0 |
3| 00000000001000000000 | 00000000000000000001 |
4|    1 |    0 | -99  -99  -99  -99  -99  -99  -99  -99  -99  -99 |
5|    0 | 1374 |    0 |    9 |    0 |    0 |    0 | 9999 |    0 |
#
1|    1 |    0 |  102 |DIMETHYL SULPHIDE MIX RAT AFTER TS  |
2|    2 |    0 |    1 |    1 |    1 |    1 |    2 |    0 |    0 |    0 |    0 |
3| 00000000005000000000 | 00000000000000000001 |
4|    1 |    0 | -99  -99  -99  -99  -99  -99  -99  -99  -99  -99 |
5|    0 | 1373 |    0 |    9 |    0 |    0 |    0 | 9999 |    0 |
#
1|    1 |    0 |  103 |SO4 AITKEN MODE AEROSOL AFTER TSTEP |
2|    2 |    0 |    1 |    1 |    1 |    1 |    2 |    0 |    0 |    0 |    0 |
3| 00000000001000000000 | 00000000000000000001 |
4|    1 |    0 | -99  -99  -99  -99  -99  -99  -99  -99  -99  -99 |
5|    0 | 1370 |    0 |    9 |    0 |    0 |    0 | 9999 |    0 |
#
1|    1 |    0 |  104 |SO4 ACCUM. MODE AEROSOL AFTER TSTEP |
2|    2 |    0 |    1 |    1 |    1 |    1 |    2 |    0 |    0 |    0 |    0 |
3| 00000000001000000000 | 00000000000000000001 |
4|    1 |    0 | -99  -99  -99  -99  -99  -99  -99  -99  -99  -99 |
5|    0 | 1371 |    0 |    9 |    0 |    0 |    0 | 9999 |    0 |
#
1|    1 |    0 |  105 |SO4 DISSOLVED AEROSOL AFTER TSTEP   |
2|    2 |    0 |    1 |    1 |    1 |    1 |    2 |    0 |    0 |    0 |    0 |
3| 00000000001000000000 | 00000000000000000001 |
4|    1 |    0 | -99  -99  -99  -99  -99  -99  -99  -99  -99  -99 |
5|    0 | 1372 |    0 |    9 |    0 |    0 |    0 | 9999 |    0 |
#
1|    1 |    0 |  106 |H2O2 MASS MIXING RATIO AFTER TSTEP  |
2|    2 |    0 |    1 |    1 |    1 |    1 |    2 |    0 |    0 |    0 |    0 |
3| 00000000001000000000 | 00000000000000000001 |
4|    1 |    0 | -99  -99  -99  -99  -99  -99  -99  -99  -99  -99 |
5|    0 |  581 |    0 |    9 |    0 |    0 |    0 | 9999 |    0 |
#
1|    1 |    0 |  107 |NH3 MASS MIXING RATIO  AFTER TSTEP  |
2|    2 |    0 |    1 |    1 |    1 |    1 |    2 |    0 |    0 |    0 |    0 |
3| 00000000008000000000 | 00000000000000000001 |
4|    1 |    0 | -99  -99  -99  -99  -99  -99  -99  -99  -99  -99 |
5|    0 | 1379 |    0 |    9 |    0 |    0 |    0 | 9999 |    0 |
# end of file
